0.014285714285714287 0.014285714285714287 0.014285714285714287 0.15714285714285717 0.014285714285714287 0.014285714285714287 0.014285714285714287 0.014285714285714287 0.014285714285714287 0.014285714285714287 0.5857142857142856 0.014285714285714287 0.014285714285714287 0.014285714285714287 0.014285714285714287 0.014285714285714287 0.014285714285714287 0.014285714285714287 0.014285714285714287 0.014285714285714287 
0.011111111111111112 0.011111111111111112 0.011111111111111112 0.12222222222222223 0.011111111111111112 0.011111111111111112 0.011111111111111112 0.011111111111111112 0.011111111111111112 0.6777777777777777 0.011111111111111112 0.011111111111111112 0.011111111111111112 0.011111111111111112 0.011111111111111112 0.011111111111111112 0.011111111111111112 0.011111111111111112 0.011111111111111112 0.011111111111111112 
0.011111111111111112 0.011111111111111112 0.011111111111111112 0.011111111111111112 0.12222222222222223 0.12222222222222223 0.011111111111111112 0.011111111111111112 0.5666666666666667 0.011111111111111112 0.011111111111111112 0.011111111111111112 0.011111111111111112 0.011111111111111112 0.011111111111111112 0.011111111111111112 0.011111111111111112 0.011111111111111112 0.011111111111111112 0.011111111111111112 
0.01 0.01 0.01 0.01 0.01 0.01 0.21000000000000002 0.01 0.01 0.01 0.01 0.01 0.31 0.11000000000000001 0.21000000000000002 0.01 0.01 0.01 0.01 0.01 
0.025 0.025 0.025 0.025 0.025 0.025 0.025 0.025 0.025 0.025 0.025 0.025 0.025 0.275 0.025 0.025 0.025 0.025 0.025 0.275 
0.016666666666666666 0.016666666666666666 0.016666666666666666 0.5166666666666667 0.016666666666666666 0.016666666666666666 0.016666666666666666 0.016666666666666666 0.016666666666666666 0.016666666666666666 0.016666666666666666 0.18333333333333335 0.016666666666666666 0.016666666666666666 0.016666666666666666 0.016666666666666666 0.016666666666666666 0.016666666666666666 0.016666666666666666 0.016666666666666666 
0.0125 0.0125 0.0125 0.0125 0.0125 0.0125 0.5125 0.0125 0.0125 0.0125 0.0125 0.0125 0.0125 0.0125 0.0125 0.0125 0.2625 0.0125 0.0125 0.0125 
0.016666666666666666 0.016666666666666666 0.016666666666666666 0.016666666666666666 0.016666666666666666 0.016666666666666666 0.016666666666666666 0.016666666666666666 0.016666666666666666 0.016666666666666666 0.18333333333333335 0.016666666666666666 0.5166666666666667 0.016666666666666666 0.016666666666666666 0.016666666666666666 0.016666666666666666 0.016666666666666666 0.016666666666666666 0.016666666666666666 
0.275 0.025 0.025 0.025 0.025 0.025 0.275 0.025 0.025 0.025 0.025 0.025 0.025 0.025 0.025 0.025 0.025 0.025 0.025 0.025 
0.02 0.02 0.02 0.02 0.02 0.22000000000000003 0.02 0.02 0.02 0.02 0.02 0.02 0.02 0.02 0.02 0.02 0.02 0.02 0.42000000000000004 0.02 
0.011111111111111112 0.011111111111111112 0.011111111111111112 0.6777777777777777 0.011111111111111112 0.12222222222222223 0.011111111111111112 0.011111111111111112 0.011111111111111112 0.011111111111111112 0.011111111111111112 0.011111111111111112 0.011111111111111112 0.011111111111111112 0.011111111111111112 0.011111111111111112 0.011111111111111112 0.011111111111111112 0.011111111111111112 0.011111111111111112 
0.3727272727272727 0.009090909090909092 0.009090909090909092 0.009090909090909092 0.009090909090909092 0.009090909090909092 0.009090909090909092 0.009090909090909092 0.009090909090909092 0.009090909090909092 0.009090909090909092 0.009090909090909092 0.1 0.009090909090909092 0.009090909090909092 0.3727272727272727 0.009090909090909092 0.009090909090909092 0.009090909090909092 0.009090909090909092 
0.3875 0.0125 0.0125 0.2625 0.0125 0.0125 0.0125 0.0125 0.0125 0.1375 0.0125 0.0125 0.0125 0.0125 0.0125 0.0125 0.0125 0.0125 0.0125 0.0125 
0.025 0.025 0.025 0.025 0.025 0.025 0.025 0.025 0.025 0.025 0.025 0.025 0.525 0.025 0.025 0.025 0.025 0.025 0.025 0.025 
0.025 0.025 0.025 0.025 0.025 0.025 0.275 0.025 0.025 0.025 0.025 0.025 0.025 0.025 0.025 0.025 0.275 0.025 0.025 0.025 
0.5166666666666667 0.016666666666666666 0.016666666666666666 0.016666666666666666 0.016666666666666666 0.18333333333333335 0.016666666666666666 0.016666666666666666 0.016666666666666666 0.016666666666666666 0.016666666666666666 0.016666666666666666 0.016666666666666666 0.016666666666666666 0.016666666666666666 0.016666666666666666 0.016666666666666666 0.016666666666666666 0.016666666666666666 0.016666666666666666 
0.23333333333333334 0.12222222222222223 0.011111111111111112 0.011111111111111112 0.23333333333333334 0.011111111111111112 0.011111111111111112 0.011111111111111112 0.011111111111111112 0.011111111111111112 0.011111111111111112 0.011111111111111112 0.011111111111111112 0.011111111111111112 0.011111111111111112 0.23333333333333334 0.011111111111111112 0.011111111111111112 0.011111111111111112 0.011111111111111112 
0.0058823529411764705 0.0058823529411764705 0.0058823529411764705 0.0058823529411764705 0.0058823529411764705 0.0058823529411764705 0.0058823529411764705 0.5941176470588235 0.0058823529411764705 0.12352941176470589 0.0058823529411764705 0.1823529411764706 0.0058823529411764705 0.0058823529411764705 0.0058823529411764705 0.0058823529411764705 0.0058823529411764705 0.0058823529411764705 0.0058823529411764705 0.0058823529411764705 
0.0125 0.0125 0.0125 0.0125 0.7625 0.0125 0.0125 0.0125 0.0125 0.0125 0.0125 0.0125 0.0125 0.0125 0.0125 0.0125 0.0125 0.0125 0.0125 0.0125 
0.02 0.02 0.22000000000000003 0.02 0.02 0.02 0.02 0.02 0.22000000000000003 0.02 0.02 0.02 0.02 0.22000000000000003 0.02 0.02 0.02 0.02 0.02 0.02 
0.014285714285714287 0.014285714285714287 0.014285714285714287 0.014285714285714287 0.014285714285714287 0.014285714285714287 0.014285714285714287 0.014285714285714287 0.014285714285714287 0.014285714285714287 0.014285714285714287 0.15714285714285717 0.014285714285714287 0.014285714285714287 0.014285714285714287 0.3 0.3 0.014285714285714287 0.014285714285714287 0.014285714285714287 
0.025 0.275 0.025 0.025 0.025 0.275 0.025 0.025 0.025 0.025 0.025 0.025 0.025 0.025 0.025 0.025 0.025 0.025 0.025 0.025 
0.025 0.025 0.025 0.025 0.025 0.275 0.025 0.025 0.025 0.025 0.025 0.025 0.025 0.025 0.025 0.275 0.025 0.025 0.025 0.025 
0.0125 0.0125 0.0125 0.0125 0.0125 0.0125 0.0125 0.0125 0.0125 0.0125 0.0125 0.2625 0.0125 0.0125 0.0125 0.0125 0.2625 0.0125 0.2625 0.0125 
0.01 0.01 0.01 0.01 0.01 0.31 0.01 0.01 0.01 0.01 0.21000000000000002 0.21000000000000002 0.01 0.01 0.01 0.01 0.01 0.01 0.11000000000000001 0.01 
0.275 0.025 0.025 0.025 0.025 0.025 0.025 0.025 0.025 0.025 0.025 0.025 0.275 0.025 0.025 0.025 0.025 0.025 0.025 0.025 
0.02 0.02 0.02 0.02 0.02 0.02 0.02 0.02 0.02 0.02 0.02 0.02 0.02 0.02 0.02 0.02 0.02 0.02 0.62 0.02 
0.016666666666666666 0.016666666666666666 0.016666666666666666 0.016666666666666666 0.016666666666666666 0.016666666666666666 0.016666666666666666 0.35000000000000003 0.016666666666666666 0.016666666666666666 0.016666666666666666 0.18333333333333335 0.016666666666666666 0.016666666666666666 0.016666666666666666 0.18333333333333335 0.016666666666666666 0.016666666666666666 0.016666666666666666 0.016666666666666666 
0.0125 0.0125 0.0125 0.0125 0.0125 0.0125 0.0125 0.0125 0.0125 0.0125 0.0125 0.0125 0.0125 0.5125 0.0125 0.0125 0.0125 0.0125 0.0125 0.2625 
0.025 0.025 0.025 0.025 0.025 0.025 0.025 0.025 0.025 0.025 0.025 0.025 0.025 0.025 0.025 0.275 0.025 0.275 0.025 0.025 
0.014285714285714287 0.014285714285714287 0.014285714285714287 0.014285714285714287 0.014285714285714287 0.014285714285714287 0.014285714285714287 0.5857142857142856 0.014285714285714287 0.014285714285714287 0.15714285714285717 0.014285714285714287 0.014285714285714287 0.014285714285714287 0.014285714285714287 0.014285714285714287 0.014285714285714287 0.014285714285714287 0.014285714285714287 0.014285714285714287 
0.0125 0.1375 0.0125 0.0125 0.0125 0.0125 0.6375 0.0125 0.0125 0.0125 0.0125 0.0125 0.0125 0.0125 0.0125 0.0125 0.0125 0.0125 0.0125 0.0125 
0.016666666666666666 0.016666666666666666 0.016666666666666666 0.016666666666666666 0.016666666666666666 0.016666666666666666 0.016666666666666666 0.016666666666666666 0.016666666666666666 0.016666666666666666 0.35000000000000003 0.016666666666666666 0.016666666666666666 0.016666666666666666 0.016666666666666666 0.35000000000000003 0.016666666666666666 0.016666666666666666 0.016666666666666666 0.016666666666666666 
0.8733333333333333 0.006666666666666667 0.006666666666666667 0.006666666666666667 0.006666666666666667 0.006666666666666667 0.006666666666666667 0.006666666666666667 0.006666666666666667 0.006666666666666667 0.006666666666666667 0.006666666666666667 0.006666666666666667 0.006666666666666667 0.006666666666666667 0.006666666666666667 0.006666666666666667 0.006666666666666667 0.006666666666666667 0.006666666666666667 
0.12222222222222223 0.011111111111111112 0.011111111111111112 0.011111111111111112 0.011111111111111112 0.011111111111111112 0.011111111111111112 0.011111111111111112 0.011111111111111112 0.011111111111111112 0.23333333333333334 0.011111111111111112 0.23333333333333334 0.011111111111111112 0.12222222222222223 0.12222222222222223 0.011111111111111112 0.011111111111111112 0.011111111111111112 0.011111111111111112 
0.007692307692307693 0.007692307692307693 0.007692307692307693 0.007692307692307693 0.007692307692307693 0.007692307692307693 0.007692307692307693 0.007692307692307693 0.007692307692307693 0.007692307692307693 0.16153846153846155 0.007692307692307693 0.08461538461538462 0.007692307692307693 0.16153846153846155 0.3923076923076923 0.007692307692307693 0.08461538461538462 0.007692307692307693 0.007692307692307693 
0.18333333333333335 0.016666666666666666 0.016666666666666666 0.016666666666666666 0.016666666666666666 0.18333333333333335 0.016666666666666666 0.016666666666666666 0.016666666666666666 0.016666666666666666 0.016666666666666666 0.016666666666666666 0.016666666666666666 0.016666666666666666 0.016666666666666666 0.016666666666666666 0.016666666666666666 0.016666666666666666 0.016666666666666666 0.35000000000000003 
0.11000000000000001 0.01 0.01 0.31 0.01 0.01 0.01 0.01 0.01 0.01 0.01 0.01 0.01 0.41 0.01 0.01 0.01 0.01 0.01 0.01 
0.016666666666666666 0.016666666666666666 0.016666666666666666 0.016666666666666666 0.016666666666666666 0.016666666666666666 0.016666666666666666 0.016666666666666666 0.016666666666666666 0.18333333333333335 0.016666666666666666 0.016666666666666666 0.016666666666666666 0.016666666666666666 0.016666666666666666 0.016666666666666666 0.016666666666666666 0.016666666666666666 0.5166666666666667 0.016666666666666666 
0.009090909090909092 0.009090909090909092 0.009090909090909092 0.009090909090909092 0.009090909090909092 0.2818181818181818 0.009090909090909092 0.009090909090909092 0.009090909090909092 0.009090909090909092 0.4636363636363636 0.009090909090909092 0.009090909090909092 0.009090909090909092 0.009090909090909092 0.009090909090909092 0.1 0.009090909090909092 0.009090909090909092 0.009090909090909092 
0.011111111111111112 0.12222222222222223 0.011111111111111112 0.011111111111111112 0.011111111111111112 0.011111111111111112 0.011111111111111112 0.011111111111111112 0.011111111111111112 0.011111111111111112 0.011111111111111112 0.011111111111111112 0.12222222222222223 0.12222222222222223 0.011111111111111112 0.011111111111111112 0.4555555555555555 0.011111111111111112 0.011111111111111112 0.011111111111111112 
0.014285714285714287 0.014285714285714287 0.014285714285714287 0.014285714285714287 0.014285714285714287 0.4428571428571429 0.014285714285714287 0.014285714285714287 0.014285714285714287 0.3 0.014285714285714287 0.014285714285714287 0.014285714285714287 0.014285714285714287 0.014285714285714287 0.014285714285714287 0.014285714285714287 0.014285714285714287 0.014285714285714287 0.014285714285714287 
0.15714285714285717 0.014285714285714287 0.014285714285714287 0.014285714285714287 0.014285714285714287 0.014285714285714287 0.3 0.014285714285714287 0.014285714285714287 0.014285714285714287 0.014285714285714287 0.014285714285714287 0.014285714285714287 0.014285714285714287 0.15714285714285717 0.014285714285714287 0.014285714285714287 0.014285714285714287 0.014285714285714287 0.15714285714285717 
0.00625 0.00625 0.00625 0.00625 0.00625 0.00625 0.00625 0.00625 0.00625 0.00625 0.00625 0.00625 0.00625 0.44375 0.00625 0.00625 0.00625 0.00625 0.19375 0.25625 
0.19375 0.06875 0.00625 0.00625 0.00625 0.00625 0.00625 0.00625 0.00625 0.00625 0.56875 0.00625 0.00625 0.06875 0.00625 0.00625 0.00625 0.00625 0.00625 0.00625 
0.011111111111111112 0.011111111111111112 0.011111111111111112 0.011111111111111112 0.011111111111111112 0.23333333333333334 0.23333333333333334 0.011111111111111112 0.011111111111111112 0.12222222222222223 0.011111111111111112 0.011111111111111112 0.011111111111111112 0.011111111111111112 0.011111111111111112 0.23333333333333334 0.011111111111111112 0.011111111111111112 0.011111111111111112 0.011111111111111112 
0.02 0.22000000000000003 0.02 0.02 0.02 0.02 0.02 0.02 0.42000000000000004 0.02 0.02 0.02 0.02 0.02 0.02 0.02 0.02 0.02 0.02 0.02 
0.014285714285714287 0.014285714285714287 0.3 0.014285714285714287 0.014285714285714287 0.014285714285714287 0.014285714285714287 0.014285714285714287 0.014285714285714287 0.014285714285714287 0.014285714285714287 0.014285714285714287 0.014285714285714287 0.4428571428571429 0.014285714285714287 0.014285714285714287 0.014285714285714287 0.014285714285714287 0.014285714285714287 0.014285714285714287 
0.011111111111111112 0.011111111111111112 0.23333333333333334 0.011111111111111112 0.011111111111111112 0.011111111111111112 0.4555555555555555 0.011111111111111112 0.011111111111111112 0.011111111111111112 0.011111111111111112 0.011111111111111112 0.011111111111111112 0.12222222222222223 0.011111111111111112 0.011111111111111112 0.011111111111111112 0.011111111111111112 0.011111111111111112 0.011111111111111112 
0.014285714285714287 0.014285714285714287 0.014285714285714287 0.014285714285714287 0.014285714285714287 0.014285714285714287 0.014285714285714287 0.7285714285714285 0.014285714285714287 0.014285714285714287 0.014285714285714287 0.014285714285714287 0.014285714285714287 0.014285714285714287 0.014285714285714287 0.014285714285714287 0.014285714285714287 0.014285714285714287 0.014285714285714287 0.014285714285714287 
0.02 0.02 0.02 0.22000000000000003 0.22000000000000003 0.02 0.02 0.02 0.02 0.02 0.02 0.02 0.02 0.02 0.22000000000000003 0.02 0.02 0.02 0.02 0.02 
0.014285714285714287 0.15714285714285717 0.014285714285714287 0.014285714285714287 0.014285714285714287 0.014285714285714287 0.014285714285714287 0.15714285714285717 0.014285714285714287 0.014285714285714287 0.014285714285714287 0.3 0.014285714285714287 0.15714285714285717 0.014285714285714287 0.014285714285714287 0.014285714285714287 0.014285714285714287 0.014285714285714287 0.014285714285714287 
0.016666666666666666 0.016666666666666666 0.016666666666666666 0.016666666666666666 0.016666666666666666 0.016666666666666666 0.5166666666666667 0.016666666666666666 0.016666666666666666 0.016666666666666666 0.016666666666666666 0.016666666666666666 0.016666666666666666 0.016666666666666666 0.016666666666666666 0.016666666666666666 0.016666666666666666 0.18333333333333335 0.016666666666666666 0.016666666666666666 
0.02 0.22000000000000003 0.02 0.02 0.42000000000000004 0.02 0.02 0.02 0.02 0.02 0.02 0.02 0.02 0.02 0.02 0.02 0.02 0.02 0.02 0.02 
0.02 0.02 0.02 0.02 0.02 0.22000000000000003 0.02 0.22000000000000003 0.22000000000000003 0.02 0.02 0.02 0.02 0.02 0.02 0.02 0.02 0.02 0.02 0.02 
0.025 0.025 0.025 0.025 0.525 0.025 0.025 0.025 0.025 0.025 0.025 0.025 0.025 0.025 0.025 0.025 0.025 0.025 0.025 0.025 
0.016666666666666666 0.016666666666666666 0.016666666666666666 0.016666666666666666 0.016666666666666666 0.18333333333333335 0.016666666666666666 0.016666666666666666 0.016666666666666666 0.016666666666666666 0.016666666666666666 0.016666666666666666 0.016666666666666666 0.016666666666666666 0.016666666666666666 0.016666666666666666 0.016666666666666666 0.5166666666666667 0.016666666666666666 0.016666666666666666 
0.011111111111111112 0.23333333333333334 0.011111111111111112 0.12222222222222223 0.011111111111111112 0.011111111111111112 0.011111111111111112 0.011111111111111112 0.12222222222222223 0.011111111111111112 0.011111111111111112 0.011111111111111112 0.011111111111111112 0.34444444444444444 0.011111111111111112 0.011111111111111112 0.011111111111111112 0.011111111111111112 0.011111111111111112 0.011111111111111112 
0.025 0.025 0.275 0.025 0.025 0.025 0.025 0.025 0.025 0.025 0.025 0.025 0.025 0.025 0.025 0.025 0.275 0.025 0.025 0.025 
0.014285714285714287 0.014285714285714287 0.014285714285714287 0.5857142857142856 0.014285714285714287 0.014285714285714287 0.014285714285714287 0.014285714285714287 0.014285714285714287 0.014285714285714287 0.014285714285714287 0.014285714285714287 0.014285714285714287 0.014285714285714287 0.014285714285714287 0.014285714285714287 0.15714285714285717 0.014285714285714287 0.014285714285714287 0.014285714285714287 
0.1 0.2818181818181818 0.009090909090909092 0.009090909090909092 0.009090909090909092 0.009090909090909092 0.009090909090909092 0.009090909090909092 0.009090909090909092 0.009090909090909092 0.009090909090909092 0.19090909090909092 0.2818181818181818 0.009090909090909092 0.009090909090909092 0.009090909090909092 0.009090909090909092 0.009090909090909092 0.009090909090909092 0.009090909090909092 
0.02 0.02 0.02 0.22000000000000003 0.02 0.02 0.22000000000000003 0.02 0.02 0.02 0.02 0.02 0.02 0.02 0.02 0.22000000000000003 0.02 0.02 0.02 0.02 
0.016666666666666666 0.016666666666666666 0.016666666666666666 0.016666666666666666 0.016666666666666666 0.016666666666666666 0.016666666666666666 0.016666666666666666 0.35000000000000003 0.016666666666666666 0.016666666666666666 0.016666666666666666 0.016666666666666666 0.016666666666666666 0.016666666666666666 0.35000000000000003 0.016666666666666666 0.016666666666666666 0.016666666666666666 0.016666666666666666 
0.275 0.025 0.025 0.025 0.025 0.025 0.025 0.025 0.025 0.275 0.025 0.025 0.025 0.025 0.025 0.025 0.025 0.025 0.025 0.025 
0.34444444444444444 0.011111111111111112 0.011111111111111112 0.011111111111111112 0.011111111111111112 0.011111111111111112 0.011111111111111112 0.011111111111111112 0.011111111111111112 0.011111111111111112 0.011111111111111112 0.011111111111111112 0.12222222222222223 0.011111111111111112 0.011111111111111112 0.12222222222222223 0.011111111111111112 0.011111111111111112 0.23333333333333334 0.011111111111111112 
0.014285714285714287 0.014285714285714287 0.014285714285714287 0.014285714285714287 0.014285714285714287 0.014285714285714287 0.014285714285714287 0.014285714285714287 0.014285714285714287 0.014285714285714287 0.15714285714285717 0.5857142857142856 0.014285714285714287 0.014285714285714287 0.014285714285714287 0.014285714285714287 0.014285714285714287 0.014285714285714287 0.014285714285714287 0.014285714285714287 
0.025 0.025 0.025 0.025 0.025 0.025 0.025 0.025 0.525 0.025 0.025 0.025 0.025 0.025 0.025 0.025 0.025 0.025 0.025 0.025 
0.016666666666666666 0.016666666666666666 0.18333333333333335 0.016666666666666666 0.016666666666666666 0.016666666666666666 0.016666666666666666 0.016666666666666666 0.016666666666666666 0.18333333333333335 0.016666666666666666 0.016666666666666666 0.016666666666666666 0.18333333333333335 0.016666666666666666 0.016666666666666666 0.18333333333333335 0.016666666666666666 0.016666666666666666 0.016666666666666666 
0.09166666666666667 0.008333333333333333 0.008333333333333333 0.008333333333333333 0.008333333333333333 0.008333333333333333 0.008333333333333333 0.008333333333333333 0.008333333333333333 0.008333333333333333 0.008333333333333333 0.008333333333333333 0.008333333333333333 0.008333333333333333 0.008333333333333333 0.008333333333333333 0.09166666666666667 0.3416666666666666 0.09166666666666667 0.25833333333333336 
0.011111111111111112 0.011111111111111112 0.011111111111111112 0.011111111111111112 0.011111111111111112 0.34444444444444444 0.011111111111111112 0.12222222222222223 0.011111111111111112 0.011111111111111112 0.011111111111111112 0.011111111111111112 0.011111111111111112 0.011111111111111112 0.011111111111111112 0.12222222222222223 0.011111111111111112 0.011111111111111112 0.23333333333333334 0.011111111111111112 
0.11000000000000001 0.11000000000000001 0.01 0.01 0.01 0.01 0.01 0.21000000000000002 0.01 0.01 0.01 0.11000000000000001 0.01 0.21000000000000002 0.01 0.01 0.01 0.01 0.01 0.11000000000000001 
0.014285714285714287 0.014285714285714287 0.014285714285714287 0.014285714285714287 0.014285714285714287 0.014285714285714287 0.3 0.014285714285714287 0.014285714285714287 0.014285714285714287 0.3 0.014285714285714287 0.15714285714285717 0.014285714285714287 0.014285714285714287 0.014285714285714287 0.014285714285714287 0.014285714285714287 0.014285714285714287 0.014285714285714287 
0.02 0.62 0.02 0.02 0.02 0.02 0.02 0.02 0.02 0.02 0.02 0.02 0.02 0.02 0.02 0.02 0.02 0.02 0.02 0.02 
0.014285714285714287 0.5857142857142856 0.014285714285714287 0.014285714285714287 0.014285714285714287 0.014285714285714287 0.014285714285714287 0.014285714285714287 0.014285714285714287 0.014285714285714287 0.014285714285714287 0.014285714285714287 0.014285714285714287 0.15714285714285717 0.014285714285714287 0.014285714285714287 0.014285714285714287 0.014285714285714287 0.014285714285714287 0.014285714285714287 
0.0125 0.0125 0.0125 0.0125 0.0125 0.0125 0.0125 0.0125 0.0125 0.0125 0.1375 0.5125 0.0125 0.0125 0.0125 0.0125 0.1375 0.0125 0.0125 0.0125 
0.1 0.009090909090909092 0.009090909090909092 0.009090909090909092 0.009090909090909092 0.009090909090909092 0.1 0.009090909090909092 0.009090909090909092 0.009090909090909092 0.5545454545454546 0.009090909090909092 0.009090909090909092 0.009090909090909092 0.009090909090909092 0.009090909090909092 0.009090909090909092 0.1 0.009090909090909092 0.009090909090909092 
0.009090909090909092 0.009090909090909092 0.009090909090909092 0.009090909090909092 0.009090909090909092 0.009090909090909092 0.009090909090909092 0.009090909090909092 0.009090909090909092 0.009090909090909092 0.8272727272727273 0.009090909090909092 0.009090909090909092 0.009090909090909092 0.009090909090909092 0.009090909090909092 0.009090909090909092 0.009090909090909092 0.009090909090909092 0.009090909090909092 
0.016666666666666666 0.5166666666666667 0.016666666666666666 0.016666666666666666 0.016666666666666666 0.016666666666666666 0.016666666666666666 0.016666666666666666 0.016666666666666666 0.016666666666666666 0.016666666666666666 0.18333333333333335 0.016666666666666666 0.016666666666666666 0.016666666666666666 0.016666666666666666 0.016666666666666666 0.016666666666666666 0.016666666666666666 0.016666666666666666 
0.009090909090909092 0.009090909090909092 0.009090909090909092 0.19090909090909092 0.009090909090909092 0.009090909090909092 0.009090909090909092 0.009090909090909092 0.009090909090909092 0.19090909090909092 0.2818181818181818 0.009090909090909092 0.1 0.009090909090909092 0.009090909090909092 0.009090909090909092 0.009090909090909092 0.1 0.009090909090909092 0.009090909090909092 
0.02 0.02 0.02 0.02 0.02 0.02 0.02 0.02 0.02 0.02 0.22000000000000003 0.02 0.02 0.02 0.42000000000000004 0.02 0.02 0.02 0.02 0.02 
0.014285714285714287 0.014285714285714287 0.15714285714285717 0.014285714285714287 0.014285714285714287 0.014285714285714287 0.014285714285714287 0.014285714285714287 0.014285714285714287 0.014285714285714287 0.014285714285714287 0.014285714285714287 0.15714285714285717 0.014285714285714287 0.014285714285714287 0.014285714285714287 0.014285714285714287 0.4428571428571429 0.014285714285714287 0.014285714285714287 
0.025 0.025 0.025 0.025 0.275 0.025 0.025 0.025 0.025 0.025 0.025 0.025 0.025 0.025 0.025 0.025 0.275 0.025 0.025 0.025 
0.02 0.02 0.02 0.02 0.62 0.02 0.02 0.02 0.02 0.02 0.02 0.02 0.02 0.02 0.02 0.02 0.02 0.02 0.02 0.02 
0.014285714285714287 0.15714285714285717 0.014285714285714287 0.014285714285714287 0.014285714285714287 0.15714285714285717 0.014285714285714287 0.15714285714285717 0.014285714285714287 0.014285714285714287 0.3 0.014285714285714287 0.014285714285714287 0.014285714285714287 0.014285714285714287 0.014285714285714287 0.014285714285714287 0.014285714285714287 0.014285714285714287 0.014285714285714287 
0.011111111111111112 0.011111111111111112 0.011111111111111112 0.4555555555555555 0.011111111111111112 0.011111111111111112 0.011111111111111112 0.011111111111111112 0.011111111111111112 0.011111111111111112 0.12222222222222223 0.011111111111111112 0.12222222222222223 0.011111111111111112 0.12222222222222223 0.011111111111111112 0.011111111111111112 0.011111111111111112 0.011111111111111112 0.011111111111111112 
0.0071428571428571435 0.0071428571428571435 0.0071428571428571435 0.0071428571428571435 0.0071428571428571435 0.0071428571428571435 0.0071428571428571435 0.0071428571428571435 0.0071428571428571435 0.07857142857142858 0.2928571428571428 0.0071428571428571435 0.0071428571428571435 0.0071428571428571435 0.0071428571428571435 0.0071428571428571435 0.2928571428571428 0.0071428571428571435 0.22142857142857145 0.0071428571428571435 
0.014285714285714287 0.15714285714285717 0.014285714285714287 0.15714285714285717 0.014285714285714287 0.014285714285714287 0.014285714285714287 0.15714285714285717 0.15714285714285717 0.014285714285714287 0.014285714285714287 0.014285714285714287 0.014285714285714287 0.014285714285714287 0.014285714285714287 0.014285714285714287 0.15714285714285717 0.014285714285714287 0.014285714285714287 0.014285714285714287 
0.01 0.01 0.21000000000000002 0.01 0.61 0.01 0.01 0.01 0.01 0.01 0.01 0.01 0.01 0.01 0.01 0.01 0.01 0.01 0.01 0.01 
0.0125 0.0125 0.0125 0.0125 0.0125 0.1375 0.0125 0.0125 0.0125 0.0125 0.0125 0.0125 0.0125 0.1375 0.0125 0.3875 0.0125 0.1375 0.0125 0.0125 
0.1375 0.2625 0.0125 0.0125 0.0125 0.0125 0.0125 0.0125 0.0125 0.1375 0.0125 0.0125 0.0125 0.0125 0.0125 0.0125 0.0125 0.2625 0.0125 0.0125 
0.02 0.02 0.22000000000000003 0.02 0.02 0.02 0.02 0.02 0.02 0.02 0.02 0.02 0.02 0.02 0.02 0.02 0.02 0.02 0.42000000000000004 0.02 
0.014285714285714287 0.014285714285714287 0.014285714285714287 0.014285714285714287 0.4428571428571429 0.014285714285714287 0.014285714285714287 0.014285714285714287 0.014285714285714287 0.014285714285714287 0.014285714285714287 0.014285714285714287 0.014285714285714287 0.014285714285714287 0.15714285714285717 0.014285714285714287 0.15714285714285717 0.014285714285714287 0.014285714285714287 0.014285714285714287 
0.014285714285714287 0.014285714285714287 0.014285714285714287 0.15714285714285717 0.15714285714285717 0.014285714285714287 0.014285714285714287 0.4428571428571429 0.014285714285714287 0.014285714285714287 0.014285714285714287 0.014285714285714287 0.014285714285714287 0.014285714285714287 0.014285714285714287 0.014285714285714287 0.014285714285714287 0.014285714285714287 0.014285714285714287 0.014285714285714287 
0.011111111111111112 0.12222222222222223 0.011111111111111112 0.011111111111111112 0.011111111111111112 0.011111111111111112 0.011111111111111112 0.011111111111111112 0.011111111111111112 0.011111111111111112 0.011111111111111112 0.12222222222222223 0.011111111111111112 0.011111111111111112 0.011111111111111112 0.12222222222222223 0.011111111111111112 0.011111111111111112 0.011111111111111112 0.4555555555555555 
0.025 0.025 0.025 0.025 0.025 0.025 0.025 0.025 0.025 0.025 0.025 0.025 0.025 0.025 0.025 0.275 0.025 0.275 0.025 0.025 
0.01 0.01 0.01 0.01 0.01 0.01 0.01 0.01 0.31 0.01 0.11000000000000001 0.01 0.01 0.31 0.01 0.01 0.01 0.01 0.11000000000000001 0.01 
0.014285714285714287 0.014285714285714287 0.15714285714285717 0.014285714285714287 0.014285714285714287 0.014285714285714287 0.014285714285714287 0.014285714285714287 0.014285714285714287 0.014285714285714287 0.014285714285714287 0.5857142857142856 0.014285714285714287 0.014285714285714287 0.014285714285714287 0.014285714285714287 0.014285714285714287 0.014285714285714287 0.014285714285714287 0.014285714285714287 
0.025 0.275 0.025 0.025 0.025 0.025 0.025 0.025 0.025 0.025 0.025 0.025 0.025 0.025 0.025 0.025 0.025 0.025 0.025 0.275 
0.02 0.02 0.02 0.02 0.02 0.02 0.22000000000000003 0.22000000000000003 0.02 0.02 0.02 0.02 0.02 0.02 0.02 0.02 0.22000000000000003 0.02 0.02 0.02 
0.02 0.02 0.02 0.02 0.02 0.42000000000000004 0.02 0.02 0.02 0.02 0.02 0.22000000000000003 0.02 0.02 0.02 0.02 0.02 0.02 0.02 0.02 
0.016666666666666666 0.016666666666666666 0.016666666666666666 0.016666666666666666 0.016666666666666666 0.016666666666666666 0.35000000000000003 0.016666666666666666 0.016666666666666666 0.016666666666666666 0.016666666666666666 0.016666666666666666 0.016666666666666666 0.016666666666666666 0.016666666666666666 0.016666666666666666 0.35000000000000003 0.016666666666666666 0.016666666666666666 0.016666666666666666 
0.014285714285714287 0.014285714285714287 0.4428571428571429 0.014285714285714287 0.014285714285714287 0.014285714285714287 0.014285714285714287 0.014285714285714287 0.014285714285714287 0.014285714285714287 0.014285714285714287 0.014285714285714287 0.014285714285714287 0.15714285714285717 0.014285714285714287 0.014285714285714287 0.014285714285714287 0.014285714285714287 0.014285714285714287 0.15714285714285717 
0.025 0.025 0.025 0.025 0.025 0.025 0.025 0.025 0.025 0.025 0.025 0.025 0.025 0.025 0.025 0.275 0.025 0.025 0.275 0.025 
0.275 0.025 0.025 0.025 0.025 0.025 0.025 0.025 0.025 0.025 0.025 0.275 0.025 0.025 0.025 0.025 0.025 0.025 0.025 0.025 
0.0125 0.0125 0.0125 0.0125 0.0125 0.0125 0.0125 0.1375 0.0125 0.0125 0.0125 0.3875 0.0125 0.0125 0.0125 0.2625 0.0125 0.0125 0.0125 0.0125 
0.009090909090909092 0.009090909090909092 0.1 0.009090909090909092 0.009090909090909092 0.009090909090909092 0.009090909090909092 0.009090909090909092 0.009090909090909092 0.009090909090909092 0.009090909090909092 0.009090909090909092 0.009090909090909092 0.009090909090909092 0.009090909090909092 0.009090909090909092 0.009090909090909092 0.2818181818181818 0.4636363636363636 0.009090909090909092 
0.02 0.02 0.02 0.02 0.02 0.42000000000000004 0.02 0.02 0.02 0.02 0.02 0.02 0.02 0.02 0.02 0.02 0.02 0.22000000000000003 0.02 0.02 
0.02 0.02 0.02 0.02 0.42000000000000004 0.02 0.22000000000000003 0.02 0.02 0.02 0.02 0.02 0.02 0.02 0.02 0.02 0.02 0.02 0.02 0.02 
0.016666666666666666 0.016666666666666666 0.016666666666666666 0.016666666666666666 0.016666666666666666 0.016666666666666666 0.016666666666666666 0.016666666666666666 0.016666666666666666 0.016666666666666666 0.016666666666666666 0.016666666666666666 0.016666666666666666 0.016666666666666666 0.016666666666666666 0.016666666666666666 0.016666666666666666 0.016666666666666666 0.6833333333333332 0.016666666666666666 
0.025 0.025 0.025 0.025 0.025 0.025 0.025 0.025 0.275 0.025 0.025 0.275 0.025 0.025 0.025 0.025 0.025 0.025 0.025 0.025 
0.025 0.025 0.025 0.025 0.275 0.025 0.025 0.025 0.025 0.275 0.025 0.025 0.025 0.025 0.025 0.025 0.025 0.025 0.025 0.025 
0.025 0.025 0.025 0.275 0.025 0.275 0.025 0.025 0.025 0.025 0.025 0.025 0.025 0.025 0.025 0.025 0.025 0.025 0.025 0.025 
0.09166666666666667 0.008333333333333333 0.008333333333333333 0.09166666666666667 0.25833333333333336 0.008333333333333333 0.25833333333333336 0.008333333333333333 0.008333333333333333 0.008333333333333333 0.008333333333333333 0.17500000000000002 0.008333333333333333 0.008333333333333333 0.008333333333333333 0.008333333333333333 0.008333333333333333 0.008333333333333333 0.008333333333333333 0.008333333333333333 
0.02 0.02 0.02 0.02 0.02 0.02 0.02 0.02 0.02 0.02 0.42000000000000004 0.02 0.02 0.02 0.22000000000000003 0.02 0.02 0.02 0.02 0.02 
0.014285714285714287 0.014285714285714287 0.014285714285714287 0.014285714285714287 0.014285714285714287 0.014285714285714287 0.014285714285714287 0.014285714285714287 0.014285714285714287 0.014285714285714287 0.7285714285714285 0.014285714285714287 0.014285714285714287 0.014285714285714287 0.014285714285714287 0.014285714285714287 0.014285714285714287 0.014285714285714287 0.014285714285714287 0.014285714285714287 
0.11000000000000001 0.11000000000000001 0.01 0.01 0.01 0.01 0.01 0.01 0.01 0.01 0.01 0.01 0.01 0.01 0.01 0.01 0.01 0.01 0.01 0.61 
0.025 0.025 0.025 0.025 0.025 0.025 0.025 0.025 0.025 0.025 0.025 0.025 0.025 0.025 0.025 0.025 0.025 0.275 0.025 0.275 
0.025 0.025 0.275 0.025 0.025 0.025 0.025 0.025 0.025 0.025 0.275 0.025 0.025 0.025 0.025 0.025 0.025 0.025 0.025 0.025 
0.007692307692307693 0.007692307692307693 0.007692307692307693 0.007692307692307693 0.007692307692307693 0.007692307692307693 0.08461538461538462 0.23846153846153847 0.007692307692307693 0.007692307692307693 0.007692307692307693 0.007692307692307693 0.007692307692307693 0.16153846153846155 0.007692307692307693 0.3923076923076923 0.007692307692307693 0.007692307692307693 0.007692307692307693 0.007692307692307693 
0.5461538461538461 0.08461538461538462 0.007692307692307693 0.007692307692307693 0.007692307692307693 0.007692307692307693 0.007692307692307693 0.08461538461538462 0.007692307692307693 0.007692307692307693 0.007692307692307693 0.08461538461538462 0.007692307692307693 0.007692307692307693 0.007692307692307693 0.007692307692307693 0.08461538461538462 0.007692307692307693 0.007692307692307693 0.007692307692307693 
0.016666666666666666 0.016666666666666666 0.35000000000000003 0.016666666666666666 0.016666666666666666 0.016666666666666666 0.016666666666666666 0.016666666666666666 0.016666666666666666 0.016666666666666666 0.18333333333333335 0.016666666666666666 0.016666666666666666 0.18333333333333335 0.016666666666666666 0.016666666666666666 0.016666666666666666 0.016666666666666666 0.016666666666666666 0.016666666666666666 
0.007692307692307693 0.16153846153846155 0.007692307692307693 0.16153846153846155 0.007692307692307693 0.007692307692307693 0.007692307692307693 0.46923076923076923 0.007692307692307693 0.007692307692307693 0.007692307692307693 0.007692307692307693 0.007692307692307693 0.007692307692307693 0.007692307692307693 0.007692307692307693 0.08461538461538462 0.007692307692307693 0.007692307692307693 0.007692307692307693 
0.016666666666666666 0.35000000000000003 0.016666666666666666 0.18333333333333335 0.016666666666666666 0.18333333333333335 0.016666666666666666 0.016666666666666666 0.016666666666666666 0.016666666666666666 0.016666666666666666 0.016666666666666666 0.016666666666666666 0.016666666666666666 0.016666666666666666 0.016666666666666666 0.016666666666666666 0.016666666666666666 0.016666666666666666 0.016666666666666666 
0.02 0.02 0.02 0.02 0.02 0.02 0.62 0.02 0.02 0.02 0.02 0.02 0.02 0.02 0.02 0.02 0.02 0.02 0.02 0.02 
0.009090909090909092 0.009090909090909092 0.009090909090909092 0.009090909090909092 0.009090909090909092 0.009090909090909092 0.009090909090909092 0.009090909090909092 0.009090909090909092 0.009090909090909092 0.009090909090909092 0.009090909090909092 0.009090909090909092 0.009090909090909092 0.8272727272727273 0.009090909090909092 0.009090909090909092 0.009090909090909092 0.009090909090909092 0.009090909090909092 
0.41 0.01 0.01 0.21000000000000002 0.01 0.01 0.01 0.01 0.01 0.01 0.01 0.01 0.01 0.01 0.21000000000000002 0.01 0.01 0.01 0.01 0.01 
0.425 0.008333333333333333 0.17500000000000002 0.008333333333333333 0.008333333333333333 0.008333333333333333 0.09166666666666667 0.008333333333333333 0.008333333333333333 0.008333333333333333 0.008333333333333333 0.008333333333333333 0.008333333333333333 0.008333333333333333 0.008333333333333333 0.008333333333333333 0.008333333333333333 0.008333333333333333 0.17500000000000002 0.008333333333333333 
0.22000000000000003 0.02 0.02 0.02 0.02 0.02 0.02 0.02 0.22000000000000003 0.02 0.02 0.02 0.02 0.02 0.02 0.22000000000000003 0.02 0.02 0.02 0.02 
0.009090909090909092 0.1 0.1 0.009090909090909092 0.009090909090909092 0.3727272727272727 0.009090909090909092 0.009090909090909092 0.009090909090909092 0.009090909090909092 0.009090909090909092 0.009090909090909092 0.009090909090909092 0.19090909090909092 0.009090909090909092 0.009090909090909092 0.009090909090909092 0.1 0.009090909090909092 0.009090909090909092 
0.011111111111111112 0.011111111111111112 0.011111111111111112 0.7888888888888889 0.011111111111111112 0.011111111111111112 0.011111111111111112 0.011111111111111112 0.011111111111111112 0.011111111111111112 0.011111111111111112 0.011111111111111112 0.011111111111111112 0.011111111111111112 0.011111111111111112 0.011111111111111112 0.011111111111111112 0.011111111111111112 0.011111111111111112 0.011111111111111112 
0.014285714285714287 0.014285714285714287 0.014285714285714287 0.014285714285714287 0.014285714285714287 0.014285714285714287 0.014285714285714287 0.014285714285714287 0.014285714285714287 0.014285714285714287 0.014285714285714287 0.014285714285714287 0.014285714285714287 0.014285714285714287 0.014285714285714287 0.014285714285714287 0.014285714285714287 0.7285714285714285 0.014285714285714287 0.014285714285714287 
0.01 0.01 0.01 0.01 0.01 0.01 0.01 0.01 0.31 0.01 0.01 0.01 0.01 0.51 0.01 0.01 0.01 0.01 0.01 0.01 
0.014285714285714287 0.5857142857142856 0.014285714285714287 0.014285714285714287 0.014285714285714287 0.014285714285714287 0.014285714285714287 0.014285714285714287 0.014285714285714287 0.014285714285714287 0.014285714285714287 0.014285714285714287 0.014285714285714287 0.014285714285714287 0.014285714285714287 0.014285714285714287 0.014285714285714287 0.014285714285714287 0.15714285714285717 0.014285714285714287 
0.025 0.025 0.025 0.275 0.025 0.025 0.025 0.025 0.025 0.025 0.275 0.025 0.025 0.025 0.025 0.025 0.025 0.025 0.025 0.025 
0.02 0.02 0.02 0.02 0.02 0.02 0.02 0.02 0.02 0.02 0.02 0.02 0.42000000000000004 0.02 0.02 0.22000000000000003 0.02 0.02 0.02 0.02 
0.016666666666666666 0.016666666666666666 0.016666666666666666 0.016666666666666666 0.016666666666666666 0.016666666666666666 0.016666666666666666 0.6833333333333332 0.016666666666666666 0.016666666666666666 0.016666666666666666 0.016666666666666666 0.016666666666666666 0.016666666666666666 0.016666666666666666 0.016666666666666666 0.016666666666666666 0.016666666666666666 0.016666666666666666 0.016666666666666666 
0.011111111111111112 0.011111111111111112 0.011111111111111112 0.011111111111111112 0.011111111111111112 0.011111111111111112 0.011111111111111112 0.011111111111111112 0.011111111111111112 0.011111111111111112 0.011111111111111112 0.12222222222222223 0.011111111111111112 0.5666666666666667 0.011111111111111112 0.011111111111111112 0.011111111111111112 0.12222222222222223 0.011111111111111112 0.011111111111111112 
0.025 0.025 0.025 0.025 0.025 0.025 0.025 0.025 0.275 0.025 0.025 0.025 0.275 0.025 0.025 0.025 0.025 0.025 0.025 0.025 
0.016666666666666666 0.016666666666666666 0.016666666666666666 0.016666666666666666 0.016666666666666666 0.016666666666666666 0.016666666666666666 0.016666666666666666 0.18333333333333335 0.016666666666666666 0.016666666666666666 0.016666666666666666 0.35000000000000003 0.016666666666666666 0.016666666666666666 0.18333333333333335 0.016666666666666666 0.016666666666666666 0.016666666666666666 0.016666666666666666 
0.014285714285714287 0.014285714285714287 0.014285714285714287 0.014285714285714287 0.014285714285714287 0.014285714285714287 0.014285714285714287 0.014285714285714287 0.014285714285714287 0.4428571428571429 0.014285714285714287 0.014285714285714287 0.014285714285714287 0.014285714285714287 0.3 0.014285714285714287 0.014285714285714287 0.014285714285714287 0.014285714285714287 0.014285714285714287 
0.016666666666666666 0.016666666666666666 0.016666666666666666 0.016666666666666666 0.016666666666666666 0.18333333333333335 0.016666666666666666 0.016666666666666666 0.016666666666666666 0.016666666666666666 0.016666666666666666 0.016666666666666666 0.016666666666666666 0.016666666666666666 0.016666666666666666 0.016666666666666666 0.016666666666666666 0.016666666666666666 0.016666666666666666 0.5166666666666667 
